1205 5.00 0.00
1607 5.00 0.00
2010 5.00 0.00
2412 5.00 0.00
2813 4.80 0.20
3216 4.61 0.39
3618 4.43 0.57
4021 4.26 0.74
4422 4.09 0.91
4825 3.93 1.07
5227 3.77 1.23
5629 3.63 1.37
6032 3.48 1.52
6433 3.34 1.66
6836 3.21 1.79
7238 3.09 1.91
7641 2.97 2.03
8043 2.85 2.15
8444 2.74 2.26
8847 2.63 2.37
9249 2.52 2.48
9652 2.42 2.58
10053 2.33 2.67
10456 2.24 2.76
10858 2.15 2.85
11260 2.06 2.94
11663 1.98 3.02
12065 1.91 3.09
12468 1.83 3.17
12870 1.76 3.24
13273 1.69 3.31
13675 1.62 3.38
14077 1.56 3.44
14479 1.50 3.50
14881 1.44 3.56
15284 1.38 3.62
15686 1.32 3.68
16089 1.28 3.72
16491 1.22 3.78
16893 1.18 3.82
17296 1.13 3.87
17698 1.09 3.91
18101 1.04 3.96
18503 1.00 4.00
18905 0.96 4.04
19307 0.92 4.08
19709 0.88 4.12
20112 0.85 4.15
20514 0.82 4.18
20917 0.79 4.21
21319 0.76 4.24
21722 0.72 4.28
22124 0.70 4.30
22526 0.67 4.33
22928 0.65 4.35
23330 0.62 4.38
23733 0.59 4.41
24135 0.57 4.43
24538 0.55 4.45
24940 0.53 4.47